COUNT: 12769
MEAN: 2.474673954997149e+20
MEDIAN: 2.4664097307429e+20
MODE: N/A
SD: 1.4461131060123312e+20
VAR: 2.091243115380632e+40


The elapsed execution time is :22.796154022216797 ms